1389628596927426566
1389658891718258693
1389728341704417281
1389614581970980871
1389647635418521600
1389710315575603203
1389602568494485504
1389709678960017409
1389556135426813953
1389716652502097921
1389663802874990596
1389576465629409280
1389654882974531585
1389651882780422144
1389787214985322503
1389513734884757504
1389658749569097729
1389558185866891265
1389650236121882626
1389705925024313346
1389513091453530112
1389705925053673472
1389552417461587969
1389619904521801731
1389601289625956360
1389718432032059396
1389631381706215427
1389769438610690049
1389716983290073092
1389651630287507456
1389560335053451264
1389585063436636166
1389553848725819398
1389664202671886337
1389602645355024384
1389710315659702282
1389787409651408899
1389650559402086400
1389648341735120901
1389650752289722368
1389530633060241408
1389718814682542082
1389653224622198787
1389612786473267204
1389424872070082561
1389574757276807180
1389755537055789059
1389773561968033792
1389405573033066498
1389784668824739843
1389506991094046721
1389571334196264967
1389558827813531652
1389692351623286786
1389559893502304261
1389652929519390727
1389404549513826310
1389550489964929026
1389773886066073604
1389641157768978432
1389549788748648448
1389761006486786051
1389784225105121282
1389672907358445568
1389726315662639105
1389648013832843271
1389649422523408384
1389775016275763201
1389622673769074689
1389552261890600964
1389650685562548224
1389712084443680768
1389658248265965568
1389714504804495362
1389554297247965191
1389757241071341571
1389725941098696707
1389506986664886272
1389714332133380097
1389711648697593859
1389762844669796354
1389623916352532481
1389654174141321218
1389541814248542212
1389522432084508673
1389406516982128645
1389649816146255874
1389658827079880707
1389787409638858752
1389745735818563584
1389773561959645186
1389784668833083396
1389784225105137666
1389691070045298690
1389690511242395648
1389761341498351621
1389787214909902856
1389691636184064002
1389722751988994051
1389787214905708548
1389690511242317825
1389761341498351625
1389691635965956097
1389691070045327360
1389722751993143299
1389787109310050310
1389786740093825027
1389783237346664451
1389786433666404355
1389784005210517507
1389548367156596741
1389783771944087558
1389596627996790784
1389739408216059904
1389496927327113218
1389518151205879812
1389758174698246145
1389506694292463626
1389550219952525315
1389510529320894465
1389735428001910786
1389533923093278723
1389525715754704901
1389532688910995460
1389559893514850310
1389576465616838662
1389556135439388673
1389549788736016384
1389571334200430596
1389552417528635394
1389585063369576452
1389560335019827208
1389601289630224388
1389553848755265540
1389564599758843905
1389602568523841539
1389513735002263553
1389558827817705479
1389554297281470467
1389530633043513345
1389574757268430853
1389552261861232644
1389558185858527236
1389558827788300293
1389602568536350723
1389576465612607492
1389556135443660800
1389564599758823426
1389552417537085440
1389554297294127108
1389513735069478912
1389571334166900740
1389601289626030080
1389553848734208001
1389559893514805252
1389558185845944329
1389560335078596610
1389585063428329476
1389549788878807040
1389552261869670409
1389574757280993292
1389530632934461444
1389615292888883200
1389608821803261955
1389678528480694274
1389780223068147716
1389779945006813185
1389779930075045890
1389738208334856197
1389523980621475844
1389473765000572932
1389477693259878400
1389505069104517123
1389529244535980033
1389491365050867716
1389488974406709248
1389510281571753984
1389778515701075969
1389481884275646467
1389527217281986562
1389533766717042689
1389507885789450242
1389754450231783430
1389746119291277315
1389778993386115072
1389509719321088002
1389581514623442946
1389708345976627201
1389775016280035329
1389541814130987010
1389575532577058826
1389522432223031297
1389513091461926912
1389506991073103878
1389602645334061062
1389709302609244160
1389506986673278978
1389755537013698571
1389761006503546882
1389762844665606145
1389775714073853960
1389775084718493700
1389764355810488320
1389718432099176449
1389672907429666817
1389650559574155273
1389648341676355587
1389651630283378690
1389716983319449601
1389716652506324996
1389714504791957505
1389650236126109698
1389710315554709505
1389710315563085825
1389705924994949120
1389651882813976576
1389769438589722627
1389649816146243589
1389649422523330562
1389728341708525571
1389725941107097602
1389726315662565376
1389709678968401922
1389664202688589825
1389654882974535680
1389658248261738498
1389658827092496386
1389647635439439873
1389773886103818242
1389692351627481091
1389658891709927425
1389406516982140932
1389711648571543553
1389705925053751296
1389727645533835264
1389654174132965377
1389658749493661696
1389644271414747138
1389405573028868100
1389718814682615809
1389712084397486081
1389404549522157568
1389652929523585024
1389650752298123264
1389714332108292097
1389648013799292928
1389773449900478470
1389623916319035396
1389614581970919424
1389622673718669314
1389772716174155777
1389604473660534787
1389619904496558083
1389396840441778183
1389396832015446016
1389585836518170631
1389396844057292803
1389396836280983562
1389751788388052995
1389614252667723782
1389396818916642817
1389719894401249355
1389653224613838848
1389396830048296962
1389704029391900674
1389396822913781760
1389396815032643584
1389748609562812416
1389650685625393152
1389772359662546949
1389771367726338050
1389673022722908165
1389672754119593984
1389769731851309057
1389768939501129729
1389768912129114113
1389768603185074183
1389767902828670980
1389766766600015872
1389765544333783041
1389459880952619009
1389454924401025024
1389761314805985281
1389761109020844035
1389760801968435200
1389669136524103682
1389756262540365824
1389665967488315397
1389757329248247812
1389760000998903809
1389757596647796739
1389665793873428481
1389664567463223304
1389760597919629315
1389758525887352833
1389407078792327174
1389758078468435969
1389757862566678528
1389601221304938499
1389603833479790593
1389641157756424196
1389599260904103936
1389612786599141380
1389757241251667970
1389757026859892742
1389628828151078920
1389443718697082883
1389755569280536577
1389754706776444932
1389753577565048839
1389752485942894596
1389752120207937539
1389751593600491521
1389402920978771968
1389749672718307332
1389407594129756163
1389701346882768897
1389749499409489920
1389748291982684160
1389699387698212865
1389700334897963009
1389748505493843972
1389748418394865664
1389747896568922112
1389747787781312517
1389747231692148740
1389746694158315521
1389745244401451010
1389744900284067841
1389742907662364676
1389741772327333892
1389739975437127682
1389739066732818434
1389738758875062272
1389681145667723267
1389547973214969858
1389655369849339905
1389664877287940096
1389571702867185665
1389625176199819264
1389539879978156034
1389523974153904134
1389616445097578497
1389545961119260676
1389658397499269121
1389557268262232074
1389715227407568896
1389398907537412097
1389681010573385728
1389647552861990913
1389544369443819523
1389404583168921601
1389709221978071040
1389552605928464384
1389411577615454208
1389672093965422592
1389562544826720257
1389738336105811971
1389623963290980357
1389678890361053184
1389415244317876226
1389505062452355072
1389667027732684802
1389538747339862016
1389582248911900679
1389549888564875265
1389574923530559494
1389527211355492352
1389410719368503301
1389591896532525060
1389654188540370946
1389657362663804928
1389683825798643720
1389404763012308994
1389650627941134336
1389473758809780228
1389542602500755459
1389583943100293122
1389710637337546759
1389537144033583106
1389400106751827970
1389567401960738816
1389668586650628098
1389669599088570368
1389653595990069248
1389409161532764163
1389587416919404544
1389583990990860289
1389711120697479168
1389608802173939725
1389553403907362820
1389584866577043462
1389401242917478400
1389403171185782790
1389735422125776896
1389724506919297026
1389402913647124482
1389562895801864203
1389658199712690176
1389507879674138624
1389665215491366915
1389678507777683456
1389570522426404868
1389400776510894081
1389542137323159553
1389709570931445767
1389540726615150594
1389477687182327809
1389722834381926401
1389661887025930240
1389713512046366720
1389614058031108102
1389538002221760513
1389397620708151297
1389584958847479816
1389578918269575174
1389679512879730690
1389413562582327296
1389534483167158276
1389676352408752130
1389727219849699329
1389737885494960129
1389658422287634434
1389662095336042498
1389420484299616257
1389737833213038596
1389737570632749056
1389737122974691331
1389406939084378112
1389407246610796544
1389736770129039362
1389736529006714880
1389736491799257090
1389736033256869888
1389735848032231425
1389734101398261765
1389733928110641153
1389733900214280196
1389731459364184066
1389730372401909761
1389725503981039617
1389728843548745728
1389728091690446849
1389727190921748482
1389727117303336967
1389727064996073479
1389653999746490374
1389654215312748547
1389725292319711250
1389455462622453770
1389724250622230529
1389723769426612224
1389723584004755467
1389635364093112320
1389722989785018370
1389722546610884610
1389698338149343232
1389712023722897408
1389694377245745152
1389694546326528004
1389585523702964228
1389709799927992320
1389721990219681792
1389617805113364484
1389716791644020743
1389643534471413762
1389721162796740609
1389720036554809344
1389715921674162176
1389715696515485705
1389715272198656001
1389681067712516096
1389703406013489152
1389715164434505729
1389687581009448966
1389648985909039105
1389712546127622145
1389712417190338563
1389405055737081857
1389710913112928257
1389712144069918721
1389655377684287488
1389711852393967618
1389711841287417862
1389711578908463109
1389598461499035651
1389711450529091584
1389711186397122563
1389707381282676737
1389706686319976454
1389659044197978114
1389705213183885313
1389703951247835139
1389703554080952326
1389703338573377536
1389702528019877889
1389471635892174848
1389646113016360962
1389652242169466881
1389587282504691712
1389586564104212480
1389600802289946629
1389608064890855424
1389663766430769155
1389615468894461961
1389627397423734790
1389662933848891396
1389405492041162757
1389642520242630659
1389701833413828608
1389590822954442756
1389661700954144771
1389654792163766274
1389651107463503875
1389693174336086017
1389575024953208832
1389629166216175627
1389620924337594368
1389647287756808192
1389631242556133376
1389507676044935168
1389519215451848707
1389701513384140800
1389520156041306114
1389511139260866560
1389699579017318405
1389699791953739790
1389662884142141440
1389698569657995268
1389698469330358274
1389698079184494593
1389697524219490306
1389695906971258880
1389693749807271940
1389692335173382156
1389692024815767552
1389437890162221057
1389413114861469700
1389691286408503296
1389690541215031300
1389688987850354691
1389651137012318209
1389688066026188807
1389588155469336578
1389686340523003910
1389685126167240708
1389684226644193280
1389683581941919746
1389683358037331971
1389682999239876613
1389681673663623170
1389681596035436547
1389585733032230912
1389679691125121024
1389612280522940416
1389678989212536838
1389585282798870531
1389613273088147464
1389590472105119744
1389584966107942915
1389596190908444681
1389653531313934341
1389610831181062152
1389667658099052547
1389676697981788164
1389674197333553156
1389674049991856132
1389673234291851264
1389673026950680578
1389672910298755074
1389667969777688582
1389671630851350529
1389671248129581060
1389670815701078018
1389670650961350656
1389669693838004227
1389669374068408335
1389669023852470274
1389667896800993280
1389667586909028354
1389666833322627088
1389666269415280643
1389586970083569672
1389655624833773575
1389599042582241282
1389653909220757509
1389666264868610060
1389561833871249409
1389613771186860034
1389658465405132809
1389584031482789892
1389665536439693321
1389537468790317056
1389536624183234564
1389585916130365457
1389633308250853380
1389665071387844608
1389664295022120961
1389663802883411969
1389660645575041028
1389659889417523204
1389659102477967361
1389658560171237379
1389653604861050881
1389657368649105411
1389657118161125384
1389656352163876876
1389588089673236482
1389655546580684808
1389655293638975492
1389654522218287105
1389643135538565127
1389643850843664388
1389652566980636673
1389638837463404544
1389651967417360387
1389650624527097860
1389646658414198784
1389646501949972482
1389646388800147462
1389646343388475398
1389645045591023618
1389644878427000833
1389643981903048705
1389642764988583940
1389641408148037635
1389641310286536712
1389641150936625157
1389640758949462024
1389640425024147457
1389639522175102982
1389608834516230153
1389633901996515328
1389631381697826816
1389550490099363849
1389628596864512001
1389629567770501126
1389628964742836229
1389608815390203907
1389623969804816384
1389625183242047490
1389626071448948747
1389624136641691653
1389624052239806464
1389435179136077825
1389623881426681857
1389623563825651712
1389621289065881601
1389619631833374723
1389618405007929355
1389618402252234752
1389617959300173829
1389542608947486724
1389547981481943040
1389557274478223360
1389562551420129287
1389545970124328965
1389567408071864330
1389539889419636739
1389538008479670278
1389552611532054530
1389534489991208964
1389571709154390016
1389542143144775681
1389540736539009029
1389544377396174851
1389553409674473473
1389537149960159233
1389538753174151170
1389549897595199492
1389562901711646723
1389616193288409097
1389616071817170944
1389540673821548548
1389615222340661249
1389614624476213253
1389611761784000520
1389611536415698949
1389611396950749184
1389535549786976264
1389598542772068365
1389611251551019011
1389605575000997890
1389605969534009351
1389604962980745217
1389604357029515271
1389576465562234880
1389552261827743744
1389585063466045443
1389549788765442048
1389559893518995464
1389513734880587780
1389601289579859978
1389556135389106178
1389558185749479425
1389554297281544192
1389602568523829249
1389560335053385731
1389558827771596802
1389571334204628994
1389553848734216201
1389530633060306945
1389564599767244807
1389552417478365196
1389574757272592385
1389602493798223876
1389602244614627338
1389600209701851142
1389599424398209024
1389596802312192004
1389596006837211140
1389595929842536451
1389595536806842369
1389592770386567173
1389589214753341449
1389588821008736259
1389588793083285505
1389588067485470727
1389587132658769921
1389559103463165959
1389542339497111553
1389566692729053185
1389586879843119104
1389586778009522178
1389585825344720900
1389584961984995335
1389584184516153345
1389583825169227777
1389583806999453700
1389581711621697541
1389581416321757185
1389448445451141120
1389498721449046020
1389581062989307907
1389580951768928262
1389578397978828804
1389577913897529346
1389576044525625346
1389576024971636742
1389541231986884609
1389575545873223683
1389574831805538314
1389574227519545351
1389550744748109825
1389572426485440513
1389571213081595912
1389569291352256515
1389567444965019651
1389565134197170181
1389564697347862529
1389422903066775558
1389564631623028738
1389564601663111170
1389562444075438080
1389562024955420676
1389561761926373377
1389546549420740612
1389561384166436865
1389560733730549770
1389559178616877059
1389557290940911618
1389556258982801421
1389554137818411008
1389553563416907777
1389549687687028737
1389552968542851077
1389544503820918785
1389552835881222152
1389552791564206080
1389552611657977864
1389551989558816772
1389546777494294530
1389549851801706496
1389549411873824769
1389549385659392002
1389548898792923153
1389542572226400265
1389547518892122115
1389528284631756804
1389526565629796358
1389547200108273665
1389542872144359425
1389542017634557953
1389540952948228098
1389539236878110721
1389536578985472005
1389536369454759939
1389536102990729219
1389536096980193281
1389535309428363266
1389535281997656064
1389531680394907656
1389527687773884422
1389519315486056457
1389496078635094017
1389494681885675522
1389475574796668930
1389475170088275971
1389466441741647874
1389466434699415554
1389464831737139206
1389462342749020160
1389460089686446081
1389415450954641408
1389460596886753282
1389414579885780995
1389455572500627459
1389447144168464384
1389443433341853701
1389440175344918528
1389439839242702848
1389436986210111488
1389436031141924866
1389432135149359105
1389431625390383113
1389424872028196878
1389397854985195525
1389428322875154437
1389427999154520066
1389427945035509769
1389427319727603713
1389426097167683584
1389424478321582081
1389422992866877444
1389422304132702210
1389421911902461952
1389397867702505476
1389410191976841216
1389416695199109120
1389402809418895364
1389421860551528448
1389416713423306753
1389417991327129601
1389421853580709889
1389421827596898309
1389420766245031938
1389419866105450496
1389417859680546823
1389417410680303619
1389417304492953600
1389414832256872448
1389413919312302086
1389413202564321284
1389412726359871488
1389412066675597315
1389411984601456642
1389408775979798528
1389408714105540614
1389408634308907018
1389408624078991361
1389407367687770113
1389405790650372096
1389399999600017408
1389404487878684673
1389403789023748100
1389403656672395265
1389401782003044360
1389401631045869568
1389400995445227520
1389400598802571270
1389400432276029448
1389400412671840263
1389398847290548224
1389398102520512516
1389397174274961408
1389396713316786176
1389396200932184070
1389373759388221441
1389373800874082305
1389354699556409344
1389365989783965697
1389384460701888517
1389386314139652097
1389395891212017667
1389381083116965889
1389374275174371331
1389382231508930563
1389229574450401282
1389270264496541697
1389388103463227396
1389210817350946818
1389348430565105666
1389390134513049602
1389372232170754049
1389164929920290819
1389320592319340545
1389356465060675588
1389058346607542274
1389345539100086275
1389275042664488960
1389375440914042884
1389291160275877888
1389380675178950657
1389358282364440576
1389364841253466112
1389281075344527360
1389275428796321793
1389291806148366338
1389389797320380418
1389223770376728580
1389377197702488064
1389338345411551233
1389225187686584322
1389394126026600452
1389286857406439427
1389371224313131011
1389293121331101699
1389386308347256836
1389270289201000450
1389159590311325698
1389042707234840578
1389356715569664000
1389050619768369152
1389376071934435328
1389377802483290115
1389290784831119361
1389370551861268482
1389372584857280516
1389299064869572612
1389368045911437313
1389293739944779776
1389049015451324416
1389260315687194625
1389368295422234624
1389289036674596870
1389385817072685061
1389295596851253249
1389077234942545920
1389292978569580549
1389287783672344578
1389224917908873221
1389285528105754625
1389395885407182851
1389272178080641024
1389378760965648386
1389386224360595458
1389373752853422080
1389383520749977600
1389385852569014278
1389341313510694912
1389388677944541188
1389060583350161412
1389287171924897800
1389264286657118211
1389281385827819521
1389394939432210440
1389352202578186240
1389289597452967937
1389232166710640644
1389346785760485377
1389385072466219010
1389179963941691392
1389393718818467840
1389384454859227138
1389074537094938625
1389290997775953920
1389282104358305792
1389354693088841729
1389264654208176130
1389262680796504066
1389162403628150784
1389157315534757894
1389061567212257284
1389373795027144709
1389374389414555650
1389382883165437955
1389067442966515721
1389350049960783872
1389214951185653768
1389376700899753985
1389336664351199232
1389301072846409728
1389379160070529025
1389379080932319232
1389296576531554307
1389364408640368642
1389295130968879104
1389383468681859072
1389303705875353602
1389365984088125441
1389296804701691905
1389279735536963585
1389269606326407169
1389297882910498816
1389375439869648899
1389284305117933570
1389344234579267586
1389267891430649860
1389391226198282240
1389055474918588421
1389040382646779905
1389371045879062531
1389387922877542401
1389258082471976961
1389045800836079616
1389391666696515589
1389290044431630345
1389283355116535808
1389260705870717376
1389363100487348224
1389345704842199044
1389388663436419076
1389259227793821697
1389375906490159113
1389374604427157504
1389395235495718914
1389394888836407303
1389349270638108674
1389356641238142976
1389360737215082502
1389360237140869120
1389346811991650309
1389358584996106246
1389045806976552961
1389049021273042948
1389061573432406019
1389058352798306305
1389040388476870658
1389067448708603907
1389050625640472578
1389060589050220544
1389042713287303170
1389055481830723585
1389292776706101249
1389343613818179591
1389364847498858496
1389336670953107456
1389341319307227141
1389358288152653825
1389385078493483008
1389346792689471491
1389352208857063428
1389374395353755653
1389392558611107841
1389392295695425536
1389392204137906178
1389382890392223744
1389391672648241156
1389391475981553680
1389390698273771520
1389387259414253569
1389321640459313152
1389311273624645638
1389365386278223873
1389390299693207554
1389390092482097157
1389388258589790208
1389389662901444609
1389389234612621313
1389389111090454530
1389377164265525253
1389383823956320273
1389385085921726466
1389369602011025408
1389378781488553988
1389365819780517889
1389388869544599556
1389373383415107586
1389388210783100928
1389388091941609477
1389225563928268802
1389381411040333825
1389385983922212867
1389385554555514881
1389385409864548354
1389385125616660481
1389371843644207105
1389374913610399744
1389374769724788737
1389377277088129024
1389385084717912070
1389360634995822594
1389383973181300739
1389382683713839112
1389382492256358404
1389259540294770691
1389381864297832454
1389300942856671238
1389381488316088320
1389381191112003587
1389380945254440965
1389380944239411202
1389380284144132106
1389380021739999240
1389379883411849218
1389379808333762560
1389272150637518850
1389379713345462279
1389242032934330372
1389227431668686854
1389196806282747906
1389230704626700290
1389260675382382592
1389076027452792838
1389088419847065604
1389379117515251712
1389321433860517890
1389379088419364865
1389378929987829761
1389378394052255745
1389377997002711041
1389329444477841409
1389377187736956929
1389340417263505408
1389260107339403267
1389293700614873090
1389376535560392706
1389376414554656772
1389376235340505089
1389376227660685314
1389376145997578242
1389370370319343616
1389376066842673157
1389376062287753222
1389375959690792964
1389375905919873026
1389274225190621188
1389375460652560388
1389375350099136516
1389375303278026752
1389050840795783168
1389375325000413185
1389374434226622464
1389374433798889475
1389374325061521412
1389373874329038850
1389373812651794436
1389373375672377350
1389373183397187585
1389372450971033603
1389371914695630848
1389055583425384450
1389053612920381440
1389371173893517314
1389371090514944003
1389370768799195136
1389370652008886275
1389370197174329344
1389369987027058693
1389073380574318595
1389354028438409218
1389070206337568769
1389055004506345472
1389060186803884032
1389056877548511234
1389075752772112388
1389063303352123395
1389059642056052739
1389128515182727168
1389057229098127363
1389064284928286722
1389369191204016129
1389369132068577287
1389367939019808769
1389367831511371779
1389367104911052802
1389367040419446784
1389366971825860611
1389366966285225987
1389366607135354882
1389329504670130178
1389328863709175808
1389366526554173440
1389366274325626880
1389365944414351362
1389365856900108295
1389365660111851522
1389365282112737283
1389365180035960832
1389364537317601282
1389364256802476038
1389362956400435200
1389362380472266762
1389362240428589060
1389312634424467456
1389340489179033601
1389361765062905859
1389347013498609665
1389345632570134528
1389348885391298560
1389340211847458816
1389337263297863682
1389354262795145219
1389344632287367169
1389339325536432128
1389361751758606340
1389051251975929856
1389054719415492609
1389361632262905856
1389347416718053376
1389361503501959171
1389360860251017221
1389360834963517446
1389360755800223749
1389359946844737536
1389359437303922689
1389359000001601536
1389358237951086593
1389358155348459526
1389358088495456259
1389357183549284360
1389357131904831491
1389356539052441604
1389356397117251595
1389347435240202246
1389229950083997697
1389226642602659850
1389356025212547076
1389224419025956869
1389232018001702915
1389225368633106432
1389355790620930048
1389336645695049729
1389339161119789056
1389355519341744133
1389313248135196672
1389355309525831688
1389355240357515274
1389355156651880451
1389288227291422731
1389283377195405317
1389281943628525570
1389284807578947584
1389289944682844162
1389290684490919939
1389304816485257217
1389271997251784705
1389286396049960963
1389276169904836608
1389294196608192517
1389354639464796166
1389354375412256770
1389354327467171843
1389083861238308865
1389352495487627267
1389352390164422658
1389352067815313408
1389350469894656000
1389351627358982145
1389351340099391489
1389350469466722306
1389344060004048898
1389350259034398731
1389350244048068610
1389350089332645892
1389347744792424449
1389349527799357440
1389349463202934788
1389348505261690884
1389349415660531714
1389349386895994887
1389349367816069122
1389347732414996486
1389347528399851523
1389341552896618499
1389339652834873349
1389347422078476296
1389347419444363265
1389347228641333251
1389347163281448966
1389346001694171143
1389333938456473603
1389334960922836994
1389345696797675523
1389345626400468994
1389278971515318276
1389345203123900419
1389345111474065419
1389225950060089345
1389269257108721664
1389259155148574720
1389271956936134659
1389247388599169025
1389226906990661639
1389248317155053572
1389247621441769473
1389224631064748041
1389344818913026062
1389343808421306368
1389343534885457922
1389343375392923649
1389342241748144131
1389341657452191748
1389340653822304256
1389340581525135371
1389260712665489410
1389224924678549516
1389223776995274758
1389229580842532866
1389255687088209920
1389259234995445761
1389275049232764931
1389232173018877953
1389264660373725192
1389262689684258816
1389310781938814978
1389264293086986245
1389337281815662593
1389225194066120705
1389270295073099778
1389339955181367297
1389279745884426243
1389339814579871751
1389324670802014213
1389338577323008001
1389232290417594369
1389230380230840322
1389231009871372295
1389230485742800898
1389231785008144390
1389336269432492040
1389335238879424515
1389045095178059780
1389335034662957060
1389333951450427398
1389297765516292097
1389333320606134276
1389332939448758282
1389332317928312835
1389058814532628482
1389066244851126273
1389050115525054464
1389055910711078913
1389329969176842248
1389329840772374533
1389328636893966337
1389328459873329153
1389092395321479168
1389055410661826565
1389040028819484673
1389328076572708879
1389272555408723972
1389327944699596805
1389327907349274624
1389327014591713287
1389326687633092609
1389326251643506691
1389326005362384901
1389325782112157701
1389325778714759173
1389325684108152834
1389324865564381185
1389324529126739976
1389051377268269057
1389256114953408517
1389078245895770113
1389224906286632961
1389224265321525251
1389324015370752004
1389269305628315651
1389048829366870019
1389270238663872515
1389277237933797379
1389323986564128768
1389268722469113859
1389323866867130370
1389322954178170880
1389322938646736900
1389284706190036996
1389322846732800005
1389322162167762948
1389268104723800074
1389284624367591439
1389284674808254466
1389284502984404996
1389322321387794433
1389291992375566338
1389284473464819713
1389284593543569415
1389284770392285185
1389284544415780868
1389322209374711822
1389044460097576960
1389321789344522242
1389047793696874504
1389276425740423170
1389055032809730052
1389059895224373250
1389056996037603333
1389308919491792899
1389050616958394369
1389321509995433987
1389320959832772610
1389320676327178242
1389318983153856517
1389317085243842564
1389044703497265160
1389050483822768128
1389062287961608194
1389055982152601605
1389061375335481347
1389060689608708099
1389059411411406849
1389315917272817667
1389049975934423040
1389051351456485376
1389058250239356929
1389271635300130818
1389262387950325762
1389063835781369858
1389315563797745664
1389315523788279816
1389315043922223106
1389314931305103363
1389312983424290817
1389312779581067271
1389057551556304896
1389054114135527427
1389312344489086976
1389311980180316170
1389311280666849284
1389308781578924037
1389310814117679107
1389299106921734148
1389306072410820612
1389309099137974282
1389307983843270656
1389304783887024133
1389304139885252611
1389269613393813507
1389303711592161282
1389295137910452225
1389301079569883136
1389297888979677184
1389303289263579145
1389302625464582146
1389300863517212676
1389299483658305541
1389298681069899783
1389298379092598787
1389297352666714124
1389296545120636930
1389296028294258696
1389295224351084550
1389294769629696004
1389283906738864132
1389260121705009153
1389289742999687175
1389294576255574019
1389080133844221952
1389248324138582019
1389293918500630532
1389057700147904516
1389069884517142531
1389067457344819200
1389069527439269893
1389066461587591169
1389210823407534082
1389293177170022412
1389289043070910466
1389291003916394500
1389292984810627074
1389286863706329091
1389269626509434882
1389291534152081413
1389157955099037700
1389290458036195330
1389291491693113353
1389291129418493957
1389224815207329794
1389290819035746313
1389288730557657098
1389288336058114064
1389288011779776517
1389287496543088642
1389243293763084288
1389287176777601025
1389286055870930948
1389049779972411399
1389232998684430337
1389286030180761603
1389049403680464903
1389285506777763842
1389282354548645894
1389285504131248130
1389285404856262660
1389285372304187397
1389229490677616643
1389077368514490370
1389230023350136832
1389284480427380739
1389284438341738496
1389284114252062723
1389227561952108550
1389283765390880776
1389280668593672194
1389280366964445184
1389280060260200449
1389279816147427328
1389278856406835206
1389278803957010440
1389278193023131650
1389277768513425409
1389277597553594375
1389277542775939081
1389277459468718080
1389050058356711424
1389228311306510339
1389277094962765833
1389225695352610819
1389051457895272448
1389048516480282632
1389277080064507914
1389276039533060097
1389273265869361160
1389235308764573699
1389272374466514946
1389271582166618116
1389270859181871106
1389270638221799424
1389269714665451525
1389269324620255234
1389269142776303619
1389268921753247744
1389262222640177155
1389268805633908739
1389268737413554182
1389236274075213825
1389075094538907648
1389224806839721986
1389268167617388549
1389050949784715266
1389224380870365196
1389047672443654144
1389268159274815492
1389268090362507266
1389267758886621188
1389242958269108238
1389266878569271299
1389266513442582531
1389265914835648517
1389074372057473024
1389227159076577285
1389265663294722054
1389264243929853956
1389263976148709378
1389263703229542404
1389263445032415235
1389263247182807040
1389262673821511681
1389262543957417985
1389262461904297987
1389230815050178568
1389262349303943170
1389261625484615682
1389260484516491264
1389260126176137226
1389224067669151745
1389260041396568069
1389230168749789192
1389259677972713474
1389245798727172096
1389259594342535172
1389224415263612928
1389226675276238854
1389229241812897792
1389224745346928645
1389259588986413060
1389226028912893952
1389223993916469250
1389225295262146567
1389229814326992898
1389224610865061891
1389251601785892867
1389259351391711233
1389258845973848069
1389051850587054086
1389258789128396806
1389093610516267010
1389258388354240512
1389258318603030530
1389257901945106435
1389257131824660487
1389256638276722689
1389256521947754499
1389255982371557385
1389254570702999552
1389053291561115656
1389051358033203205
1389043887575117824
1389046585984700418
1389056162713190402
1389254531280773125
1389254444077010947
1389253707951484930
1389253504599011331
1389253078340317186
1389252684780347398
1389252108692725764
1389251520399613953
1389250303757856769
1389249769634140162
1389249620241485827
1389249471003959299
1389248677185785859
1389248064154705924
1389230884897783808
1389247902103506956
1389247685962735616
1389247268361019396
1389247226308829189
1389247161381097477
1389246966220132353
1389236564639854595
1389246354292097036
1389245698982436865
1389245662454292484
1389245512751190030
1389245427896172545
1389245284912357381
1389245117500952584
1389244588515373058
1389244185191100424
1389244022833786882
1389243894760620033
1389240855689576453
1389243879694733313
1389242760750936070
1389242063053541382
1389214760017686530
1389056308486316032
1389241441050836993
1389240955686031367
1389226274992889859
1389226998766219267
1389240008666648578
1389239714016808963
1389239285136691203
1389238632121311238
1389238422229897220
1389238400146939912
1389238293485789184
1389235829923618819
1389237719717617669
1389237625475813381
1389237472547180552
1389237160063156231
1389236139299643397
1389236070563340290
1389236037931634690
1389235981006540802
1389235974459297792
1389235969166032898
1389235691767357440
1389235584049221633
1389235470207356930
1389157321943633922
1389159596082663424
1389200743236739079
1389164935922417672
1389162410037039104
1389179969989799940
1389235234311450626
1389235066715480065
1389234953641242627
1389234257676099586
1389229240210571264
1389234216366481417
1389233919585816581
1389233767408099328
1389233630212407298
1389233612583804928
1389233122944831490
1389232615442591747
1389232571863773188
1389232218875338754
1389232131726090241
1389232090613436420
1389231987119038472
1389231920995786759
1389231735062372355
1389231567868817411
1389231528832552967
1389231520167120902
1389231499258499077
1389231343012306950
1389231138015780870
1389227111399890948
1389231071586177034
1389230979638779906
1389230935082770434
1389230797954199553
1389230791436161029
1389230786210115585
1389230772658348032
1389230604747694081
1389230497583321088
1389230468596436992
1389230432475041794
1389064172676292611
1389080677933588482
1389102917752397825
1389230259992764422
1389230184000376833
1389230106628001795
1389230068967354369
1389230021718519814
1389229978936651777
1389229692767674372
1389229714519244803
1389229676124680193
1389229473061609472
1389146109612859392
1389229458700242953
1389229316437913601
1389229262297763847
1389229236767035393
1389229228739158021
1389227821466329092
1389229137617989646
1389228900845244420
1389228850245160966
1389228849607680002
1389228758016696327
1389228463136067589
1389228232478793736
1389228215001141257
1389071824927879169
1389228071312576515
1389227775094099974
1389227318065999875
1389227051933073408
1389226719823998989
1389226687993352192
1389079815978946562
1389226677016932357
1389226664731807749
1389224498000547843
1389226530144989189
1389226425618735106
1389226358975475716
1389226186052603910
1389225356650024965
1389225039434764289
1389223816010768386
1389223095823699976
1389221994051342338
1389219012337405952
1389218884528611334
1389214760063827968
1389214760042856451
1389211849816788999
1389210069250854913
1389209892687392772
1389209862274441222
1389209358735712256
1389208713819561984
1389204119576010754
1389203482729713665
1389203085139103746
1389201420554055681
1389180672267493377
1389201297765773312
1389201041632210944
1389200634168098818
1389199409049653250
1389170422399262725
1389192686851305478
1389190780380762120
1389187860151025667
1389186296715878401
1389184998239055875
1389184645623959555
1389177873802711046
1389164393552822275
1389172156119109636
1389160083448377344
1389158133130571776
1389147521277124609
1389144655313481728
1389074826954899458
1389054654948904960
1389059942250811392
1389135618949664770
1389120734446899200
1389114391736500225
1389107054078402561
1389102844696055809
1389039620487143424
1389039620495527937
1389054654953050116
1389059942234025986
1389093844239720449
1389089931675545602
1389086897281146881
1389082198180077570
1389077875828088832
1389068406025039872
1389061401910579203
1389072363229167623
1389074427522990083
1389052645009154050
1389071508190941191
1389069781282836480
1389069315413057539
1389069265144324096
1389068280606904325
1389067475375906816
1389065319168323587
1389064856633057280
1389054825552306179
1389043207196057603
1389051414303870979
1389064572716392448
1389038918004248576
1389063842337071109
1389062185373024260
1389061869638496259
1389061811899621377
1389061462769995776
1389060783951261697
1389057225117913090
1389050994026115073
1389049784204288002
1389056738289201155
1389055605294436352
1389055325320450050
1389054779784110084
1389055156667527170
1389055099708841988
1389054257350025217
1389051821952544768
1389054058514747392
1389053559136731136
1389053001973764098
1389052670187606019
1389052648335331331
1389052065431838720
1389051890210648071
1389046335265988613
1389051762947022852
1389051442950967298
1389051149890768898
1389050170348802049
1389046618675048451
1389046375388786688
1389044684752711681
1389043530702757896
1389038218423767043
1389030713362681860
1389026458014650369
1389024339148910592
1389037805465227264
1387884199898750979
1389030103795912709
1389037665991880707
1389037009616834562
1387887942442491904
1387887686443180032
1387885784850604032
1387891057623326720
1387884891589660672
1388565166028062720
1388070319953301507
1388414788229758979
1388529778702000128
1388281561284366336
1388589223339446275
1388299681004875778
1388321592753594369
1388071151813922822
1388443740268732416
1388445330232922118
1388455267617017859
1388557927087165440
1388594293372178435
1388300780105474050
1388610274366689280
1388454841895165955
1388556080658092033
1388414788179357699
1388584890011054080
1388072176197066753
1388570869224460288
1388300391880613889
1388138665000407045
1388148580993540097
1388445170941579266
1388393094173761538
1388569282091524096
1388558314267578375
1388284478598963202
1388610967609638913
1388069510528131075
1388434605842178049
1388283843279347712
1388599681026908161
1388279592641695745
1388581080035332096
1388138103794110472
1388613142456848384
1388291644256968706
1388421400671637509
1388576706353532931
1388454387241021445
1388574615492956160
1388627711996817411
1388390997202137091
1388569159747788800
1388390812459814914
1388287908096839680
1388141128923320322
1388569661956976643
1388317919084367872
1388576565693349888
1388073367413030914
1388321211453636608
1388455528318205952
1388614721956311040
1388559389187985408
1388551359935389697
1388589717969465345
1389017784449830916
1388978416481828864
1388997837187215360
1389003695359098884
1389019453929582593
1389000885468995590
1388999493056532481
1389031679180763136
1389028337155133443
1389036925772865542
1389036647891705858
1388539073153884162
1389025488870395907
1389029469302657026
1389035962047422464
1388973046103375874
1389017460456628226
1389022574076579840
1389024999906832390
1389019974451138560
1389030937447395339
1389000162886885386
1388962778346491904
1389022378445840387
1389004530080108545
1389025483057090562
1389023189875847171
1389030931608920064
1388968417319813122
1389021914144772101
1388977930928152576
1389013550174072833
1389000304226553858
1388973970301480964
1389002586498375681
1389012787733491715
1389014690571767808
1388978878362779650
1389029463279620097
1389001601109561347
1388974509542182914
1388998578803077121
1388999161689694209
1388990854484807681
1388358186311176193
1388973032849383426
1388964951809695747
1388993984039587842
1389006269919358978
1389003241971613698
1388989681455353857
1388966877641117696
1389032938004643840
1388988552822755329
1389001870572548101
1388995212710608896
1388969978561368067
1388973074817589248
1388981983280209921
1389010334132760576
1389016907219566592
1388975604062584833
1388982228483383299
1389018013173796865
1389030111307993093
1389017438818242563
1389018971261730816
1388960262938456065
1389019304096460801
1389028653959237637
1389035956129329155
1389011595112587264
1389026632908738562
1389030282888564737
1389011546362155010
1388967240402309120
1388985152831774722
1389017454597214209
1388998050681483265
1388997591405264896
1388992677564190723
1388996480011173888
1388962250539421700
1389025816571367424
1389019968503640066
1388994959991214083
1389004808141643780
1389007210525564928
1389014208755363841
1389002479048609795
1389016227276738560
1388998831014957056
1389027412059451401
1389022567554371584
1388974642627366914
1389024994110234626
1388995797325279232
1388993371041980418
1388984305829908482
1389004942245912581
1388983040609714176
1389031505775656961
1389034907805040642
1389034609396961283
1388971634141409280
1389034474130771972
1389033726525456392
1389007381003124740
1388991129350254600
1388283823104970756
1389032003304108035
1389021241009442821
1389009950354071553
1389001513696178178
1389004079763009540
1388979366353383429
1388520154162683911
1388988177864609796
1388978619482058753
1388402309680570369
1388212929451941894
1389020505861206017
1388400699810136067
1389014009735753732
1389000296085561350
1389024366931943427
1389031967333699584
1389031771443023875
1388998061813288961
1389031376058556416
1389028247212527617
1389027581953990657
1389027391767556096
1389025458965123073
1388661637498998784
1388926846750834689
1389024803441553414
1389024105077350402
1389024030280364036
1389023793671254018
1389023513483354121
1389021863318274048
1389021587274403841
1389020020949327876
1389009960873480197
1389021511063851008
1389021493988790273
1389018921978761216
1389006017476837379
1389004289570443264
1389002671659655187
1388291024590712834
1389018249044582402
1389017792960155648
1389016935313166337
1389016881911173122
1389005357985509376
1389014009156972547
1388974167484215296
1389016702474653702
1388564814906208257
1389016469904691202
1388586347061993476
1388240230998843398
1389015952088571908
1389015759918088198
1388998016640720897
1389015572541739010
1389015058643144709
1389014721186181123
1388635206266011651
1389001080646868997
1389012557814505474
1389011779108413441
1389011667724513284
1389011628524457985
1389010397248819208
1388985392909537281
1389007569058938884
1389007256398831617
1388997024088043520
1389004459855028230
1389006895546044417
1388317835269713921
1389006808195403777
1388917535114944513
1389004994028920835
1388945287276908545
1389003951979343878
1389002995568943105
1388625106629431296
1387974662861344775
1387975728092917764
1387974119350747137
1389002268461109250
1389001470536728576
1389000847493931008
1388999596408545285
1388999366304833537
1388999326425305095
1388998091970424833
1388997614788620290
1388997613299638275
1388997200018038785
1388997038910722050
1387918552569630725
1387919059178729473
1387932802713374727
1387920630595608584
1387999819172564992
1387918795579269123
1387947681985728515
1388994477008752640
1388993294718341122
1388989976097001472
1388986453477281812
1388986327966777344
1388985676033675265
1388980356850802691
1388978580160274433
1388979024744026116
1388977580502622209
1388977537414574082
1388977148510318595
1388977241107877908
1388977212154683402
1388973923459600385
1388974627133734914
1388974530891329541
1388963173060030464
1388961174478331907
1388971802773397504
1388969429187403780
1388970924393836554
1388968495761829892
1388965881594761232
1388964357632053248
1388961885479972869
1388223620120514564
1388960675926581255
1388959984294105089
1388951912154808320
1388948926695309314
1388136963333660672
1388938754245672961
1388937615240568832
1388933283073904643
1388930969122615297
1388928089024090119
1388926760985579521
1388925633674235906
1388921859006210048
1388919643776159750
1388918864562511882
1388529778710310912
1388576706336722944
1388138103777361923
1388148580989296642
1388141129023905796
1388138664966770694
1388832062040326147
1388891978373509123
1388906754721918976
1388903787461496835
1388058518121377794
1388582548717047816
1387960165018779649
1388894073554100224
1388892482491109381
1388888250081755141
1388887622303502340
1388886069043732480
1388883959644401668
1388881764945379328
1388881580270227456
1388881434534887431
1388880618486894600
1388875408372912129
1388872592711372803
1388871002608779268
1388868004511944706
1388863250373267458
1388862981648289798
1388861444377219073
1388861196674248707
1388856062854541315
1388854355273650178
1388852829285146627
1388849417755709443
1388844340357832709
1388842826235092993
1388842285400576003
1388841889126813702
1388839479851487235
1388835886486466569
1388355633263546369
1388831397771714562
1388833150671884293
1388831994562371585
1388829808780533761
1388489469360320515
1388828640834621441
1388813615969472513
1388803612776751105
1388787088020148225
1388777509051830274
1388468397931962370
1388754752419270656
1388490653521305601
1388750301524545536
1388139785496182791
1388747678927003651
1388736475420774400
1388726657482100736
1388720748446076930
1388716534336528393
1388715474733699072
1388713986204569602
1388700256129347584
1388697511112622081
1388695849182527489
1388693150424764417
1388689701901639680
1388689049955807236
1388682761569935361
1388676030647488513
1388675367674650626
1388660795806941187
1388671811261538306
1388667970746978310
1388228151755558912
1388670262405648386
1388667594236993537
1388258353286090753
1388273480827916293
1388485196622749700
1388665684360577030
1388666456695623681
1388663530778501120
1388662493048868870
1388656519747719170
1388650044975460354
1388649032805978120
1388647076951638016
1388646127944224772
1388570138207686657
1388325206771396609
1388417343508779008
1388264076808126466
1388587019039698944
1388575926728859648
1388297580715462656
1388315428032712706
1388583685570535425
1388541217735020545
1388559564321169408
1388584302850445314
1388602042516533250
1388305821625315328
1388527494983131137
1388640326705950728
1388636428918218754
1388635604443963392
1388634051200917505
1388633523314176003
1388633490070069249
1388299680992305154
1388321592741011457
1388597893502623746
1388589223297490948
1388614721956319233
1388610274383433729
1388627711954853890
1388581080043712512
1388594293380501505
1388300391884886016
1388565166032228353
1388584890006794241
1388569282129195008
1388551359947972608
1388247108310867969
1388557927078793219
1388321211432591362
1388574615450963972
1388558314246610947
1388613142456848387
1388228717449605122
1388576565592612867
1388569159731015683
1388610967592833024
1388569661957033984
1388599681014329346
1388300780101271552
1388556080628736000
1388317919092764676
1388589717986316288
1388559389192114178
1388570869245497345
1388631436828291080
1388629587379294210
1388624205000974337
1388623910569234438
1388622587471798277
1388622503455641603
1388621847307165701
1388621140759912454
1388279293462163458
1388618019325292544
1388617977327767554
1388614670303449090
1388313845651890179
1388313416683692038
1387910621916717060
1388350349564682242
1387977187614240769
1387914807408566274
1388309344006062080
1388306954930606082
1387921004685635587
1388210045339512832
1387902170146672654
1387912930566578176
1388309909477937153
1388276673133613056
1387906061194178562
1387971090987855873
1387913473179504642
1387914218771566592
1387916494957334536
1387902877268692998
1388351832704094214
1388581472630624259
1388313152467701766
1388314633459601408
1387940355023282179
1388184226063949827
1387975140118605825
1387905583286833159
1387923122477846529
1388612184771645446
1387904077435183105
1387938817496305674
1388310204215857156
1388351587211485186
1387905333524369408
1387921333435109377
1388311108017180675
1387922491612569611
1388611703416492034
1388610465195073538
1388609984406110209
1388609354589511682
1388607505467691013
1388606789952937984
1388605555581898752
1388601205174247429
1388599820328316938
1388598982528540673
1388595385535500288
1388594086718889986
1387883781122449408
1388590985945485316
1388590598916038659
1388590472147374086
1388584666874187782
1388584052500930560
1388581081063075842
1388579469837877249
1388579448111472643
1388578765517754372
1388578444125016066
1388576645485797376
1388470884365750273
1388574626788347911
1388571409883045888
1387889823369809923
1388503098562387970
1388318594287681541
1388570521638342657
1388568943443460100
1388566389389135872
1388565638352887824
1388564284611903490
1387938692317126656
1387938918721486852
1388561697544282112
1388561555437010944
1388558975466020864
1388558843714494464
1388558377173798914
1388516806072078337
1388526513402810378
1388523827848785929
1388524668655652869
1388557903305576448
1388557153884151808
1388083285843140609
1388556434372169728
1388555400975429634
1388555249930182663
1388492331347763205
1388494847548534787
1388555246830501892
1388553989730545667
1388553998395916299
1388551470530899969
1388497364244180998
1388554438458101763
1388553790723432455
1387960747293089798
1388553353811070976
1388552940391215106
1388552243364892677
1388551009841131522
1388550179683545090
1388549327765839872
1388547021016084485
1388546833325101063
1388544671224377350
1388543623273357313
1388542456929701901
1388542419986042883
1388539612637839360
1388537393125466118
1388537333453053955
1388535584461836297
1388535582964559872
1388531738519932929
1388531023353368585
1388529296663273475
1388086319805603843
1388127662959300620
1388434731247841280
1388524405727313922
1388523602279112704
1388521144634990592
1388520268843335683
1388519983613988864
1388518946098319361
1388150722420789255
1388512428380540934
1388512288580198407
1388507065929318404
1388504259126349834
1388503964342226945
1388503250425597958
1388502899882332160
1388502062930006017
1388500404825202690
1388498642764550149
1388497085335576583
1388490441977483266
1388484490058731524
1388479199099428868
1388495258288328704
1388494650021920770
1388492942118117383
1388490020600926210
1388488775198781446
1388488143045791752
1388484013824880646
1388482924220137474
1387960447568125960
1388477995883630592
1388474910910124033
1388056304581808131
1388462362806538242
1388462168698494977
1388434605850587138
1388414788171038725
1388445170912223233
1388454387278774274
1388445330216087553
1388455528301359106
1388390997202063363
1388443740277071875
1388421400654876676
1388455267604459524
1388414788225486852
1388390812505939969
1388393094421254150
1388454841836478467
1388439749258530821
1388423477875576832
1388412417676283908
1388401549366464514
1388400265817120768
1388204212689981443
1388399786374619137
1388389940745187330
1388371556372525058
1388370040437633024
1388369558088605696
1388368100773482497
1388156266132951041
1388360992451661825
1388355471216611329
1388353017297133570
1388352662014472193
1388084452367155201
1388304051503345666
1388350215900565504
1388347755051970561
1388337921598664705
1388332109610225666
1388331521703022595
1388328261768388608
1388328184068907009
1388327978355077126
1388327861963182083
1388327726386450434
1388322926986993665
1388322568772341760
1388320105281560577
1388312612111278080
1388310985254084618
1388309045510029323
1388307716955910144
1388306872025899009
1388306323259936779
1388303807306735618
1388298319298977797
1388292189017497600
1388279592645922817
1388291644294787081
1388284478590656512
1388071151675445251
1388283843279421440
1388287908092596224
1388072176209653764
1388281561296957441
1388069510519787521
1388070319957581824
1388073367404572674
1388288793015422981
1388287526771822595
1388285655407550468
1388285654178598912
1388275943576383490
1388283717765017604
1388281581823987720
1388281410587439107
1388277282293309445
1388274867678572546
1388271703093137411
1388269783167246336
1388268686948110338
1388267629564108802
1388264975827800064
1388262570994409474
1388261287143088131
1388260881209888768
1388260161496702976
1388257744571052038
1388257714132946946
1388252453674618882
1388252330093649924
1388251274202820614
1388248768189919234
1388054733764677632
1388248605954244611
1388243615114203138
1388243130294624257
1388218144225890310
1388242252292558851
1388239126844084227
1388235894759596032
1388230884537651201
1388227277071257600
1388224958548127746
1388223390012559361
1388216151663169536
1388215131755237380
1388213233220259840
1388211166405701633
1388210600354926596
1388204540042878979
1388202828829806593
1388199290904973317
1388193588757123073
1388193479768092673
1388192128602460160
1388190026870181889
1388189393052184578
1388188862254485506
1388186339397586945
1388185673186910209
1388185664655695878
1388183124161581063
1388180425420546051
1388180017297903618
1388176934065131528
1388176864057901057
1388175257958293509
1388173437592641537
1388169000740442120
1388167733217476608
1388160826838769666
1388159102455619586
1388158040797503491
1388156346466553856
1388155926578860039
1388155020940546049
1388154420119187456
1388152337798254593
1388149343023153159
1388148201593651211
1388146910658138117
1388142779243581442
1388142541682450445
1388140121241833477
1388137624670556162
1388136706008829954
1388136077077196804
1388135523911360515
1388135043906904071
1388112023163179009
1388127832010788868
1388127333689790465
1387973147371180033
1388126942809968643
1388123824927956995
1388114903752486912
1388113102349156358
1388105451427008513
1388109929333104643
1388106926773391360
1388105231322554373
1388102623337795587
1388098766771736584
1388096829829570560
1388092673245032452
1388072204378726404
1388066837716508673
1388066555225939968
1388047401588568064
1388038526000898050
1388037281542549506
1388027468376911874
1388025360558796809
1388023636473298945
1388017854558228480
1388011315780804608
1388011292414337025
1388005256383107073
1387991937555251200
1387987467978960899
1387983519931109379
1387975451306610699
1387974672692744205
1387974558901313536
1387972368816037888
1387968929071452163
1387966932901580801
1387962925827174401
1387960530191667212
1387959862198476800
1387958846904279045
1387958717031796742
1387955065965658113
1387954462204047364
1387953937844736003
1387952671152394252
1387951160204558340
1387934911856889860
1387938684142489600
1387929877450567680
1387937428007182343
1387948753986932741
1387932394112667649
1387942458043076613
1387924845455937539
1387945074315702273
1387942360898842624
1387941081015152642
1387930709818548224
1387930624296509444
1387927223668252674
1387922194198638597
1387921069030494210
1387918182564909063
1387917152439709699
1387887082111184897
1387912561048305667
1387910594758651904
1387908697691672578
1387905888502026244
1387904436895461386
1387904137375977474
1387902064299331591
1387901590191869953
1387895488377131009
1387893101159649283
1387892015308943366
1387883170255806465
1387882911458856965
1387882342581211142
1387664337968402434
1387401720418865152
1387450336818864132
1387476950499794945
1387709662397562885
1387668817044656130
1387402408775487488
1387476946657824769
1387490401259429889
1387512882514980864
1387530775440936960
1387476966333288450
1387710926762045442
1387440445395914758
1387442480119877641
1387599736044068873
1387617303362097152
1387743757689229312
1387402973618208768
1387537964977119237
1387434854619369479
1387476968048787459
1387668182903652352
1387489395993767937
1387453461512429568
1387570653474086912
1387411884647714818
1387632309973569536
1387606586424586242
1387825344888000512
1387537315749265408
1387707210310946817
1387531423456792580
1387428502031396867
1387476958838022144
1387631796515344387
1387600074272772096
1387407051479871489
1387492372544512000
1387463605260455936
1387449713083883521
1387493203243266053
1387489894826610688
1387594858085244939
1387827941472555012
1387437464801792000
1387518966122250241
1387776518689075226
1387833770401681410
1387492714015457284
1387392444539441159
1387759505853747201
1387402026493964292
1387492372540391424
1387432699187499019
1387532073854930949
1387465206217854977
1387881793542508550
1387391870720876549
1387442281548959747
1387515860806356993
1387491671089115137
1387538217587539968
1387501530928975876
1387402223278120967
1387666029753475074
1387484510485323778
1387511612534267905
1387645836272623616
1387599348486131713
1387535169435758593
1387716895097311239
1387418600059793409
1387476954685730821
1387438091623747591
1387439555679162372
1387830482323206144
1387741786471161863
1387714136205787139
1387437777218805764
1387501530945785859
1387881793529933826
1387770469428998152
1387880888000827396
1387577890368368641
1387880752310804481
1387877065735786498
1387825448357404683
1387877713793400834
1387877443483144196
1387873409367937024
1387554586999726081
1387545004340498432
1387560918779793408
1387548190371549184
1387556013784457216
1387550146330730498
1387872564987498496
1387868240882274306
1387862467481591814
1387861964165165056
1387861874893631494
1387860097750208524
1387857705256189953
1387857555607724033
1387857293224591361
1387822226561437700
1387824649107644420
1387831599354548227
1387856719464837121
1387856251246284804
1387852498820636675
1387486881105932288
1387851338466439172
1387850343011307521
1387648468030836736
1387848123985321986
1387847469237669891
1387846693496971268
1387845450846380036
1387833770384846849
1387664338928824321
1387741786483748864
1387759505845342213
1387825344816705536
1387830482314825736
1387827941493469186
1387776518672224264
1387844336193265669
1387563498650152965
1387563849025527808
1387511241501863936
1387511241485082626
1387842244900757512
1387840681721405441
1387839911080853505
1387839872086339585
1387839292022603778
1387836761556930561
1387835411184160768
1387833588012523521
1387830650728812546
1387700340020105217
1387826275071447047
1387707210306789382
1387402223273930753
1387596754862759936
1387493576607551489
1387617303349522435
1387631796532092935
1387402026514931724
1387600074272690176
1387476968048787458
1387402408796385280
1387492372548784129
1387476958846455810
1387521004176437250
1387743757680877575
1387476966329110529
1387407051416997894
1387616821277122563
1387484510497902595
1387401720418897934
1387411884651913219
1387402973660123139
1387476946636836865
1387476950512377859
1387606586424651782
1387476954689929217
1387491431770513413
1387482933263491074
1387520496716062721
1387529830988587009
1387504416899485700
1387815579193589770
1387815127571963908
1387814482391543812
1387814206142140422
1387578365469671431
1387814204510441473
1387750671462518786
1387576970893045760
1387808302525030402
1387807809778163725
1387807564302331912
1387805916427341834
1387805335302311936
1387805249935659008
1387803643135467521
1387517406537560066
1387610198475427844
1387802995258269701
1387800586540683264
1387797134569840645
1387503552319217664
1387794911194406917
1387792628343791618
1387732389389029376
1387791292869001221
1387788592416690183
1387788443271536642
1387784857879662598
1387632229438967809
1387782767317078025
1387781112034779145
1387780909911347203
1387779574357020676
1387779261172420616
1387778601748205575
1387565670519476226
1387572864795226114
1387778341365760006
1387778132426506242
1387776694854037507
1387776307979751429
1387589512453312522
1387769423361159176
1387768569740636167
1387596179488317445
1387765504161505284
1387721001480359936
1387752456755494917
1387765040657408004
1387747427143360514
1387731074202095616
1387734847834165251
1387760963617804290
1387759955122528261
1387578503852351488
1387758321227243537
1387757148096983043
1387756943197065221
1387756431835815945
1387371641932599297
1387755754413694978
1387752125241958403
1387746151152095233
1387742351804805121
1387741890536148993
1387620148186546177
1387643600758927363
1387738616047230979
1387736970571436038
1387736800832200704
1387735560454819843
1387735167977066500
1387734043035381761
1387729825557843971
1387367795713773569
1387726085639581697
1387668817178816513
1387679420287131651
1387714136180621312
1387724512205197314
1387720331402653700
1387720019342155778
1387570949361336324
1387663250284683265
1387492714015379459
1387428502010437641
1387453461524930565
1387666029732532224
1387450336747560960
1387491671093379072
1387709662397534208
1387490401234276355
1387432699187453957
1387710926841733123
1387465206226296833
1387493203255828482
1387437777218719745
1387492372527730690
1387463605243678720
1387489395993763841
1387418600055590913
1387437464810266635
1387716895101505538
1387438091602849794
1387489894843392000
1387434854543806469
1387449713067106304
1387711900297879554
1387711655585456128
1387586512871636996
1387592368258494468
1387382973465460736
1387574965277319168
1387599348528152578
1387599736044093441
1387705346681151491
1387704123408199680
1387696673825112077
1387690839628029953
1387559839241412609
1387564359153381376
1387567383255031809
1387683115997581314
1387678675638923264
1387676239415099394
1387449641113853959
1387674034406449155
1387452793410101252
1387673722023186439
1387672746709164032
1387672608758550528
1387671753095270400
1387656409655906307
1387647757423316993
1387647749210865664
1387607766529765377
1387557485582503939
1387557494591873024
1387648789708636162
1387499111662817280
1387571308523708417
1387571317205917696
1387592175823704064
1387648799103979521
1387563896349741057
1387563906197966850
1387602024145981440
1387656400789118978
1387595244632305665
1387595253268443140
1387602015249788930
1387469141775429641
1387566132467486720
1387518966134804483
1387512882523295747
1387668182903648258
1387511612521676800
1387522468890300419
1387442281544785931
1387440445395849217
1387632309981958144
1387645836264312832
1387515860848300032
1387439555788173317
1387442480119902209
1387417131290173440
1387560997401939976
1387436905772449793
1387652452304916482
1387564352757112834
1387394509974085637
1387439044762669063
1387370930515623936
1387597662631841792
1387550140358004737
1387434029088079873
1387604099948965888
1387568002132975619
1387663236086984705
1387657922327375873
1387576506969329671
1387606101252739078
1387616355873026052
1387432508480970759
1387366116205285381
1387562840983183361
1387556008025681920
1387407327850995715
1387585071402524675
1387554581152821249
1387607759403720706
1387559833210003457
1387431172569931777
1387395778956599300
1387411216709021700
1387499105622978560
1387567618115080198
1387392039310872580
1387421747197083656
1387600624485761024
1387480708315156480
1387423048282738689
1387567377424949254
1387603245560832005
1387413864677974019
1387427585886326786
1387424995505164298
1387589784017666055
1387557479219798023
1387444909800525827
1387647743296892934
1387544998443319297
1387455262642954240
1387602009432281097
1387577136408457216
1387396535483133952
1387581334063747077
1387441534535016452
1387652793582772229
1387429509960327168
1387597881884909569
1387579912236662784
1387431684283404293
1387598846709026819
1387571302093910016
1387650110809468928
1387622544505597956
1387595238588391425
1387440023193088001
1387650723836358656
1387452174729236480
1387420845090344960
1387480885109219328
1387648779348627461
1387563890507083780
1387382967454998528
1387417286781276168
1387367740768284672
1387412586879062022
1387574958633541634
1387436242627747841
1387570936472215555
1387560913000034311
1387548183685828614
1387591172248399882
1387411217078112261
1387656394925436931
1387594928331530240
1387453654207135745
1387452181146603537
1387420851058798594
1387431178425094150
1387425280998862854
1387413870776516610
1387429516046258177
1387478966034829313
1387439698109341700
1387432756536172546
1387407334322831361
1387397781313134598
1387421753295527938
1387427591968100353
1387414651483279366
1387642551469961216
1387484321380933634
1387455269345452036
1387412593841623043
1387432514503856131
1387662669285449730
1387425001800814601
1387423054041554946
1387440028918317063
1387402927589916678
1387452121642016769
1387436249237970947
1387417293060120576
1387411223403061255
1387411223147270151
1387655968234823680
1387655123036426240
1387653904490508289
1387594809758597121
1387574422849085444
1387651221922754566
1387573980933013512
1387593368167927810
1387649848531464192
1387645491408773121
1387598819001618434
1387642530486001664
1387641824622284800
1387639660231512064
1387639434393366533
1387637118688706560
1387636565682294784
1387635448005136384
1387417727229468680
1387633403315462144
1387633095499780115
1387633068010262528
1387632024559759364
1387630920732135424
1387630427368722435
1387626668911628289
1387625939115388931
1387625712232935430
1387625670709235715
1387624923506565120
1387624232042078208
1387623933374042115
1387622615775387650
1387621746430431235
1387619167952531463
1387391870708322304
1387392444531023876
1387390146488639488
1387618657203851266
1387448983241609222
1387618495421108224
1387617599190622211
1387617561202683907
1387617373994332162
1387615949805658119
1387615379921506309
1387614174281355265
1387613849994498049
1387613394333732865
1387577810622029832
1387612478998188033
1387612226882871296
1387612211166826497
1387412001341808644
1387607218783199247
1387601740166582272
1387611813509017603
1387611032588374018
1387558646293401600
1387610866728722441
1387605178111700992
1387373404634894338
1387610292130099201
1387609981684371458
1387609926890106880
1387608613276028928
1387608355544387584
1387597160523472899
1387608312619864067
1387608290142695425
1387606612899160066
1387606378001412099
1387606027353341956
1387605560946745344
1387605538553352193
1387605201906028550
1387604931037777922
1387604531354157057
1387604188314673153
1387603683370745857
1387603214963548161
1387603651292717060
1387572560544600070
1387603354545762308
1387602186465685504
1387601266826690568
1387595965360660496
1387600697873608708
1387600051669766146
1387600034892447745
1387599439578091520
1387599090238824450
1387588661164875781
1387598551182712832
1387598492915453956
1387598463895015425
1387598080170733579
1387597877845823492
1387597685121863680
1387597304287408133
1387579803918905352
1387597084983967744
1387577971448426499
1387595877607424001
1387595423926431746
1387595328153587722
1387595055943323650
1387594858076917761
1387532073783627778
1387538217541332992
1387531423456714754
1387530775180976131
1387537315774353411
1387537964977123329
1387535169129570306
1387594590241312778
1387594482766516229
1387594303304777730
1387593719801597956
1387593477127561216
1387592985160949760
1387592821796913154
1387592781166690304
1387578915300970497
1387592632340209665
1387592464186421256
1387592293335674880
1387592147294203907
1387592011793018887
1387591996047609856
1387591851792871426
1387591834889867266
1387591826996092930
1387591717046652928
1387591293212282888
1387591058318561284
1387590723411775489
1387582387366899713
1387590556612710400
1387574054358507523
1387590283009921024
1387590246997532676
1387589988322263048
1387589174581202945
1387588989499097095
1387588876005433352
1387588619431555076
1387588613421113345
1387588361464975360
1387588270620651526
1387556367469322242
1387588246012633088
1387588172704534531
1387588100763885572
1387586345980227587
1387585666691878912
1387587645845524483
1387587533379457026
1387506753609347077
1387426466627981313
1387464249694425091
1387587502836523014
1387587494158426113
1387587426827243521
1387587346871296006
1387587118009102345
1387587095687057412
1387587011809320967
1387586498371985410
1387586366150688770
1387586274266128384
1387586203621502976
1387586112777068547
1387490657066000386
1387579739011960837
1387553604639330307
1387585520033845253
1387585376529813506
1387585360226574338
1387585321009926147
1387585258644811782
1387584746440601609
1387578663038853120
1387584585937129480
1387584521760030720
1387584518211739652
1387584383956226048
1387584266985422849
1387584207380226055
1387584017130741761
1387583929264320519
1387422523571249163
1387575592866963463
1387515564915048450
1387506916457385985
1387569570907664387
1387572482962608128
1387583805192613892
1387577546162774022
1387574212987133956
1387583703367524353
1387583644391325697
1387572487827902472
1387583481044164608
1387583465529413636
1387582590392143880
1387566504535805954
1387583283559550977
1387442992970141703
1387486095538016260
1387578251380469763
1387574787254456323
1387583195919552514
1387583094119669761
1387579004639711233
1387583077921210378
1387582776598224901
1387582710114365446
1387582683946102786
1387582677612650499
1387582307943555078
1387582268521263110
1387582147104489475
1387582077407830018
1387581953713393668
1387581947568812033
1387581848931520516
1387581802294951938
1387581428326617088
1387581244934864896
1387546103537623040
1387561406493560832
1387568248762388483
1387581154040107021
1387581137531330561
1387580856408199174
1387580817673793539
1387580772694077442
1387577755274031106
1387580596529025028
1387580573951082497
1387580498852077570
1387580340785516549
1387580249953738754
1387580004855291906
1387579974559862789
1387579915298562052
1387579788202741765
1387579784201490432
1387579779189297159
1387579613677854720
1387579534384435206
1387579436028108801
1387579401961975814
1387579384823963648
1387579266250989574
1387579205832126467
1387579120054374400
1387579083865923587
1387578961199312898
1387578934410219535
1387578851807662085
1387578791212593155
1387578734719426563
1387578721218011144
1387578657087098881
1387578640418885633
1387384421897183239
1387578629329235981
1387578623884935173
1387578550786658310
1387578546672087040
1387578520927342596
1387578476182581256
1387578419282595840
1387578302806822914
1387578214365679618
1387578193838845953
1387578186943315969
1387578173714485250
1387578162255642629
1387578155968368652
1387578106207158283
1387577908407980036
1387577605063335940
1387577604987920389
1387577575321526272
1387556952578928641
1387577537447055368
1387577526722170883
1387577517779914754
1387577463878864896
1387577431222018048
1387577387668418561
1387577319133433859
1387577288615768064
1387577143182479362
1387572920990552065
1387577140573573120
1387576254191263745
1387577030565318664
1387576904329441284
1387576834569785345
1387576773915856899
1387576732899856385
1387576720568561669
1387576647067525120
1387576591635648513
1387576560455241730
1387576490632560641
1387576420302528512
1387576334495399936
1387576200139362309
1387576068593291264
1387576026675376131
1387575965207891969
1387566683204763654
1387575770621648902
1387575723523727364
1387575508771147778
1387575455541235718
1387575414646661120
1387575399941541888
1387575394677661697
1387575273458126850
1387575227169873925
1387574932314406914
1387412695398293505
1387574873455742978
1387574849292341249
1387466708806520833
1387574755142905860
1387574649844899842
1387574498602504197
1387574405707018240
1387574307799420932
1387574155428732931
1387573579923984388
1387573179258970119
1387573176658505728
1387568194244726786
1387573170236973058
1387572988044795905
1387572937214005254
1387572843911782400
1387572661400784896
1387572602990997516
1387564243642425347
1387572567435882500
1387572542433464322
1387572533138952195
1387572282361532421
1387572219203801088
1387572033857466375
1387571860724932612
1387571762473406468
1387571751874355206
1387571606881554433
1387571572907646984
1387571446763905026
1387571158334246914
1387570653490937856
1387568879338147841
1387568387577065477
1387568370288037888
1387568116121673747
1387568065114746888
1387568061725687814
1387567623802523648
1387566937643884544
1387566572005384195
1387565592257998848
1387566538883051520
1387566457375100930
1387565350334697475
1387563176766607368
1387564446344781828
1387563858831761411
1387562993836244993
1387562783726837760
1387562122016591874
1387561579185590272
1387559974713364484
1387558599791153160
1387557969135611904
1387557765665759240
1387557319999836161
1387557106388176899
1387556790116753411
1387556219615916036
1387555681553747970
1387555375763922947
1387416520351965185
1387555035270160386
1387553784621056000
1387553573890895875
1387553364272160780
1387553118804529152
1387552132635807744
1387550134121160706
1387548990418341890
1387547676594475008
1387546322086072322
1387545949837402117
1387544997743013890
1387544943124746242
1387544261256794114
1387544009032310787
1387543547734286340
1387540514484887552
1387539772164362244
1387538298026041346
1387537865756790793
1387537509899542530
1387537102640930816
1387536495892959243
1387532727382155273
1387532436662325256
1387532421176963074
1387531829159268354
1387531106048675840
1387530462759989255
1387530166948311042
1387529735681585155
1387529101502783489
1387528413947252736
1387528033008037899
1387527851558293505
1387527583579901967
1387495736674164737
1387527210681077762
1387498100785246210
1387524849996861446
1387523464555376641
1387517158075338752
1387517160990388225
1387373718658240514
1387523461489250307
1387521020844781571
1387520598172213248
1387519206246260741
1387503607512276998
1387517920339693572
1387517377806483460
1387513998669619200
1387512966879191041
1387513803160670209
1387511241497735169
1387509371316457473
1387508840636338177
1387508655050854406
1387507707863764992
1387500795147530242
1387500530637881344
1387499541671383041
1387498087661322248
1387497227522805764
1387496302217363457
1387429271057178628
1387493320566398984
1387493285707632643
1387492108823515136
1387491041985564680
1387490146191171584
1387488631355478018
1387486181898735616
1387484801641353222
1387482686298669062
1387480332446752769
1387477708997804033
1387477540974047241
1387475159725051906
1387473357231345669
1387389711241469952
1387473274024587265
1387472652089049097
1387471917528006657
1387472642022780936
1387471667572707332
1387471076398149633
1387470944596287489
1387469490066182148
1387468510121582593
1387467511155904515
1387467428578344971
1387465798130806785
1387465406491811842
1387412327792889857
1387457642260574213
1387456597270667266
1387456242721959936
1387452329373360132
1387449565205438468
1387448398983401478
1387445436412174345
1387445027471757315
1387444315350343683
1387441058796167168
1387440855007567874
1387435656801030149
1387439755525251077
1387439569025503237
1387439220390866945
1387437288586719241
1387437283020873736
1387434863712681991
1387430244789878785
1387394946995560450
1387431710317481984
1387431702344130560
1387389436741226500
1387425499576668167
1387424964987457539
1387423226603704321
1387423017622462470
1387422312761233411
1387420191433318405
1387374303885160452
1387417763686326277
1387416738745266178
1387417709290430473
1387416699759104004
1387415507289231367
1387414952043024389
1387412988383141892
1387412839833423875
1387412734308933633
1387411332660596745
1387406154637193219
1387405386236502019
1387402383546896390
1387399479175811075
1387399112602132481
1387398329420500998
1387397047804993540
1387396188303933443
1387393820061491206
1387393152206708738
1387392123742441473
1387388033524277249
1387386331924402177
1387384026386911235
1387382611887239168
1387382576378171395
1387382296639066120
1387379916589748227
1387379500946710532
1387378745808404485
1387378747909754882
1387374412886859781
1387372675174072320
1387366116205285381
1387231455357534210
1387218862781829125
1387203212734713858
1387168990452088833
1387165204128043012
1387146540402180097
1387273748944805888
1387139679867133957
1387315204757725187
1387176619672932356
1387168560376520708
1387236596517203971
1387166318571319299
1387355757771837445
1387166297646002180
1387208524862672900
1387362387859107840
1387199894171967492
1387149958134964226
1387174950914510849
1387225652101672960
1387143123881447425
1387209556950863873
1387271938460983298
1387152888695201794
1387177018723241986
1387172627672797185
1387168947804377089
1387310388715294727
1387158832594358274
1387332645726556163
1387211745207341056
1387160173987319812
1387364286524137475
1387148561180028931
1387359214490644484
1387212668503609344
1387328245465374721
1387310907550625793
1387277629523333121
1387163621151571971
1387165023387066368
1387315751757836288
1387173964280041472
1387179314953678849
1387228227693801472
1387165517060874246
1387221624135446533
1387305712657731585
1387308721747808258
1387151926588964864
1387183419797368833
1387206585605181441
1387353083861106690
1387233897591689218
1387269957486972937
1387216940901429249
1387137234734698499
1387365203461951491
1387364877514252290
1387341722414374914
1387364223152439299
1387004569536839682
1387363747040305153
1387360220079435776
1387347756315029506
1387281699185184773
1387303199481098240
1387290682209955842
1387150818780979200
1387014578484170753
1387160179800641536
1387173977987026944
1387160187253886976
1387173970093383686
1387054634204745733
1387345136154202113
1387065721679659009
1387217891154534404
1387191535838666753
1387334987737927681
1387329317953314824
1387221580510490625
1387221387568304135
1387039252924436481
1387315897405169666
1387165581275803649
1387053586060701699
1387314612475924481
1387310205571145729
1387222945328685064
1387171124786733056
1387309356635537410
1387311701767426049
1387218494257778689
1387216850149388291
1387252361714757635
1387290682209890305
1387281699189317636
1387297272648568836
1387295080067780612
1387291143998562304
1387288922410135553
1387165913812770822
1387288234154135553
1387164132215037952
1387165004881870851
1387164788145459203
1387164611569389569
1387172760607199236
1387175451433525251
1387167688712200192
1387164213907443717
1387287403988148224
1387272285799829508
1387284544261435394
1387142786848333836
1387282772255854597
1387282150664269825
1387277853859909632
1387275229341302788
1387278112241635336
1387233694419668992
1387273339870138370
1387272900659589122
1387271166457520133
1387277977889689601
1387275065889284097
1387274524647886850
1387273795929468930
1387271711993835521
1387148412471193600
1387270782800236545
1387271623665983488
1387070162210328577
1387267336818790401
1387209563020009475
1387265706996035589
1387263552201887745
1387262099315781636
1387248762461073408
1387260130287304704
1387259606343196672
1387259121192382466
1387211457339826182
1387209297948549122
1387098079527120900
1387254980441034752
1387037284499922945
1387074567080919052
1387253458261082112
1387026408946421762
1387252774979653634
1387196954824691714
1387252361723224066
1387199996404006914
1387207669132316674
1387171756780101633
1387170938404306948
1387249986526646273
1387248726994034688
1387245002573680649
1387249820046331906
1387249727176159233
1387245843879710721
1387245554544033794
1387242407281012740
1387241108003074055
1387240267242250240
1387238280815648769
1387237649103077376
1387195728141897734
1387231886410387456
1387230300321767425
1387229805993680896
1387229533804404737
1387228910098677763
1387225479514624006
1387225219522351110
1387225191093207041
1387225109383966726
1387222615174127621
1387221685301022722
1387221432883728385
1387218927453970437
1387217952211193862
1387216658910097414
1387216357691994118
1387196967516839938
1387158081520472074
1387095335311392774
1387200912318476288
1387208985867128833
1387215714998755346
1387200915749416963
1387208980578058241
1387215248659296257
1387214965443018763
1387214435668959234
1387210595078922247
1387209274900860929
1387209217342414848
1387206858197381120
1387206313000714244
1387205920795529217
1387205842727014401
1387205152663379971
1387201023018770439
1387065123534217217
1387200510491561991
1387200179191824391
1387199989781254152
1387199967874502662
1387199668506054656
1387198695993749508
1387197537178816519
1387196233341566977
1387159049884553223
1387194792749060099
1387068453912150024
1387164839500468237
1387193126201315330
1387191779305431049
1387191062058442753
1387189577249591300
1387187077389901827
1387184961669636097
1387183052468592643
1387180628320337920
1387180244117901316
1387176103215763458
1387175591724699648
1387169493911232513
1387174282661449733
1387172527009640449
1387170052504526850
1387168818578038786
1387168254968356864
1387167286293827591
1387166016581603338
1387164990038323205
1387164516509683713
1387163819479289857
1387164030897430534
1387164926729363456
1387163937687355392
1387162117263052801
1387162566527438850
1387162479092961284
1387161316796813315
1387159946446491656
1387025135685836801
1387159294207004674
1387127146162888704
1387156278640787458
1387155899878420481
1387153988836069377
1387153925170737153
1387060422528876549
1387151750449221633
1387151687081660430
1387149649501298688
1387148600560558081
1387085049720410117
1387148486441902085
1387029516854431755
1387145655986974720
1387144210583797763
1387143021519638530
1387142617436151815
1387142172860985350
1387141052927201289
1387140242860355588
1387137240929693696
1387137664034410498
1387134866370748420
1387134652767522819
1387132604260966414
1387130443808583681
1387129419056177155
1387127502582304768
1387126783443623936
1387122893490958349
1387120775581274117
1387119320988274692
1387118952287985664
1387113991223365633
1387111614130925574
1387004547269279748
1387111423067627521
1387110288856604680
1387108970926678016
1387108142329352195
1387107031962771456
1387104683928473600
1387100590182895616
1387099938908164104
1387098872976183304
1387098057402159110
1387097480811122695
1387096015879147525
1387094769625616385
1387092411206221824
1387090612768346117
1387089272260419585
1387088801072308225
1387088609237479432
1387088603701026820
1387086968354451460
1387086745729224709
1387085972643385345
1387085698784800771
1387085664890417152
1387084885609885697
1387083024085491715
1387082821236400129
1387079813140303878
1387079092571234304
1387077925330202625
1387025395992694785
1387033960128159745
1387026316394995713
1387073248991584257
1387072796057116681
1387072322444668933
1387072102117822466
1387069321717895175
1387067691828137985
1387067498860797961
1387063655565602816
1387062438185652227
1387059795535011841
1387059116389146630
1387057743261888513
1387057055006003202
1387055705014812673
1387055311303942144
1387054857211744257
1387052837914435587
1387048861173121037
1387048764095926285
1387047522669977604
1387047182553866243
1387047071832702976
1387045136765382662
1387042053452820483
1387041659062571008
1387041447413698562
1387040460770742276
1387026444006707201
1387039786544758794
1387027602523791362
1387037653477036032
1387035526503489536
1387034681498087424
1387033853517303809
1387033205136633857
1387028058171969537
1387030479464017929
1387029913186705415
1387029320632311811
1387028913226981383
1387028283309662211
1387027870648840198
1387026865815269379
1387026722999181318
1387025562024255490
1387025142400835590
1387025034603008000
1387023370269728769
1387021430735441924
1387017418778742791
1387016306864574466
1387014497274109957
1387012497891278848
1387001643724689408
